x: -22.5511379242
y: 99.6723861694
z: -6.80752038956
grip: closed