x: -19.7429733276
y: 104.844528198
z: -15.2085256577
grip: open