x: -8.13737201691
y: 104.348770142
z: -14.615067482
grip: closed